Welcome to the World Series Simulator!

This program will simulate a World Series matchup between the
Houston Astros and the Atlanta Braves.

Enter the number of World Series you'd like to simulate: 5
        [[1, 0], [1, 0], [1, 0], [1, 0], [1, 0], [1, 0], [1, 0], [3, 0], [3, 0]]
        [[0, 0], [0, 0], [0, 0], [0, 0], [0, 0], [1, 0], [1, 0], [2, 0], [2, 0]]
        [[0, 2], [0, 2], [0, 2], [0, 2], [0, 2], [0, 3], [0, 3], [0, 4], [0, 5]]
        [[0, 0], [0, 0], [0, 1], [0, 1], [0, 1], [1, 1], [1, 3], [1, 3], [1, 3]]
        [[0, 0], [0, 0], [0, 0], [1, 0], [1, 0], [1, 0], [1, 0], [1, 0], [1, 0]]
        [[0, 0], [0, 1], [0, 1], [0, 1], [2, 1], [2, 1], [2, 1], [2, 1], [2, 1]]
[4, 2]
        [[0, 0], [0, 1], [0, 1], [0, 1], [1, 1], [1, 1], [3, 1], [3, 1], [3, 6]]
        [[0, 3], [0, 3], [0, 3], [0, 3], [1, 3], [1, 3], [3, 3], [3, 3], [3, 3], [3, 3], [3, 3], [3, 3], [3, 4]]
        [[0, 0], [0, 2], [1, 2], [1, 2], [1, 2], [1, 2], [1, 2], [1, 2], [1, 3]]
        [[0, 0], [0, 1], [0, 1], [3, 1], [3, 2], [3, 3], [3, 3], [4, 3], [4, 3]]
        [[0, 0], [0, 0], [0, 0], [0, 0], [0, 0], [0, 0], [0, 2], [2, 2], [2, 2], [2, 2], [2, 2], [2, 4]]
[1, 4]
        [[0, 0], [0, 0], [0, 0], [0, 0], [0, 0], [0, 0], [0, 3], [0, 3], [0, 3]]
        [[0, 1], [0, 1], [1, 1], [1, 1], [1, 1], [1, 1], [1, 1], [1, 1], [1, 2]]
        [[0, 0], [0, 0], [0, 0], [3, 1], [3, 1], [3, 1], [3, 1], [3, 3], [3, 3], [3, 3], [3, 3], [3, 3], [3, 3], [6, 3]]
        [[0, 0], [0, 0], [0, 0], [0, 0], [0, 0], [0, 0], [0, 0], [0, 0], [0, 0], [4, 0]]
        [[0, 0], [2, 0], [2, 0], [3, 0], [3, 2], [3, 2], [3, 2], [3, 2], [3, 2]]
        [[1, 0], [1, 0], [1, 0], [1, 0], [1, 0], [1, 0], [1, 0], [3, 0], [4, 1]]
[4, 2]
        [[0, 0], [0, 1], [0, 1], [0, 1], [0, 1], [0, 1], [0, 1], [0, 1], [0, 1]]
        [[0, 0], [0, 4], [2, 5], [2, 5], [2, 5], [2, 5], [3, 5], [3, 5], [3, 5]]
        [[0, 0], [0, 0], [0, 0], [0, 0], [0, 0], [0, 0], [0, 0], [0, 0], [2, 0]]
        [[0, 0], [0, 0], [0, 0], [0, 0], [0, 0], [2, 0], [2, 0], [2, 0], [2, 0]]
        [[0, 1], [3, 1], [3, 1], [3, 1], [3, 1], [8, 1], [8, 1], [8, 1], [8, 1]]
        [[0, 0], [0, 3], [0, 4], [0, 5], [0, 5], [0, 6], [0, 6], [0, 6], [0, 6]]
        [[0, 0], [0, 0], [0, 0], [0, 0], [0, 0], [0, 0], [0, 0], [0, 0], [0, 1]]
[3, 4]
        [[0, 1], [1, 1], [1, 1], [1, 1], [1, 1], [3, 1], [3, 2], [3, 5], [3, 5]]
        [[1, 3], [1, 3], [2, 3], [2, 3], [2, 6], [2, 8], [2, 8], [2, 8], [3, 9]]
        [[0, 0], [0, 0], [0, 0], [0, 0], [0, 0], [1, 0], [1, 0], [1, 0], [1, 0]]
        [[0, 1], [0, 2], [0, 2], [1, 2], [1, 2], [1, 8], [1, 9], [1, 9], [1, 11]]
        [[0, 0], [0, 0], [0, 0], [0, 0], [1, 1], [1, 1], [1, 1], [1, 1], [1, 1], [3, 1]]
        [[0, 0], [0, 0], [0, 0], [0, 0], [1, 1], [1, 3], [1, 3], [1, 3], [1, 3]]
[2, 4]
Results of 5 World Series Simulations

Astros win in 4: 0.0%
Astros win in 5: 0.0%
Astros win in 6: 40.0%
Astros win in 7: 0.0%
Braves win in 4: 0.0%
Braves win in 5: 20.0%
Braves win in 6: 20.0%
Braves win in 7: 20.0%
(updated) reiddye@ReidsMBP:~/HCS/Lab08 (Lab08)$ 